# id	file_path	transparent_color_r	g	b
[TEXTURES]
0	map\map1\scene3\scene3_bank.png	255	0	0
10	textures\gimmick_right.png	0	0	255
20	textures\gimmick_left.png	0	0	255
30	textures\stage1.png	215	121	214

[MAP]
# TileSetID	MapY	MapX	TileSizeY	TileSizeX	MapMatrixPath

0	12	95	12	12	map\map1\scene3\scene3_map.txt

# id	left	top	right	bottom	texture_id
[SPRITES]
# BIG MARIO 
# idle right
10001	246	154	260	181	0
# walk
10002	275	154	290	181	0		
10003	304	154	321	181	0

# GIMMICK
# idle right					
20101	2	2	18	21	10
20102	22	2	38	21	10
# idle left					
20151	399	2	415	21	20
20152	379	2	395	21	20
# walk right					
20201	2	24	18	43	10
20202	21	24	37	43	10
20203	39	24	55	43	10
20204	58	24	74	43	10
20205	79	24	95	43	10
20206	99	24	115	43	10
# walk left					
20251	399	24	415	43	20
20252	380	24	396	43	20
20253	362	24	378	43	20
20254	343	24	359	43	20
20255	322	24	338	43	20
20256	302	24	318	43	20
# jump right					
20301	2	46	18	70	10
# jump left					
20351	399	46	415	70	20
# pipe right
# pipe left
# stun right
# stun left

# BRICK	
# 
30101	1	86	17	102	30	
30102	18	86	34	102	30
30103	35	86	51	102	30
30104	1	103	17	119	30
30105	18	103	34	119	30
30106	35	103	51	119	30
30107	1	120	17	136	30
30108	18	120	34	136	30
30109	35	120	51	136	30
30110	1	137	17	153	30
30111	18	137	34	153	30
30112	35	137	51	153	30

30201	52	86	68	102	30	
30202	69	86	85	102	30
30203	86	86	102	102	30
30204	103	86	119	102	30
30205	120	86	136	102	30
30206	137	86	153	102	30
30207	52	103	68	119	30
30208	69	103	85	119	30
30209	86	103	102	119	30
30210	103	103	119	119	30
30211	120	103	136	119	30
30212	52	120	68	136	30
30213	69	120	85	136	30
30214	86	120	102	136	30
30215	103	120	119	136	30
30216	120	120	136	136	30
30217	137	120	153	136	30
30218	52	137	68	153	30

30301	69	290	85	306	30
30302	86	290	102	306	30
30303	69	307	85	323	30
30304	86	307	102	323	30
30305	69	324	85	340	30
30306	86	324	102	340	30
30311	103	307	119	323	30
30312	103	290	119	306	30
30313	120	290	136	306	30
30314	103	307	119	323	30
30321	137	273	153	289	30
30322	137	290	153	306	30
30323	137	307	153	323	30
30324	137	324	153	340	30
						
# ani_id	sprite1_id	time1	sprite2_id	time2	...
[ANIMATIONS]

# ==== GIMMICK=========
# idle right					
20101	20101	1000	20102	100
# idle left					
20151	20151	1000	20152	100
# walk right					
20201	20201	100	20202	100	20203	100	20204	100	20205	100	20206	100
# walk left					
20251	20251	100	20252	100	20253	100	20254	100	20255	100	20256	100
# jump right					
20301	20301	100
# jump left					
20351	20351	100

# ==== BRICK ========
30101	30101	100
30102	30102	100
30103	30103	100
30104	30104	100
30105	30105	100
30106	30106	100
30107	30107	100
30108	30108	100
30109	30109	100
30110	30110	100
30111	30111	100
30112	30112	100
30201	30201	100
30202	30202	100
30203	30203	100
30204	30204	100
30205	30205	100
30206	30206	100
30207	30207	100
30208	30208	100
30209	30209	100
30210	30210	100
30211	30211	100
30212	30212	100
30213	30213	100
30214	30214	100
30215	30215	100
30216	30216	100
30217	30217	100
30218	30218	100
30301	30301	100
30302	30302	100
30303	30303	100
30304	30304	100
30305	30305	100
30306	30306	100
30311	30311	100
30312	30312	100
30313	30313	100
30314	30314	100
30321	30321	100
30322	30322	100
30323	30323	100
30324	30324	100

#
# id	ani1	ani2	ani3
#
[ANIMATION_SETS]
# GIMMICK				
20101	20101	20151	20201	20251	20301	20351	20351

# BRICK
30101	30101
30102	30102
30103	30103
30104	30104
30105	30105
30106	30106
30107	30107
30108	30108
30109	30109
30110	30110
30111	30111
30112	30112
30201	30201
30202	30202
30203	30203
30204	30204
30205	30205
30206	30206
30207	30207
30208	30208
30209	30209
30210	30210
30211	30211
30212	30212
30213	30213
30214	30214
30215	30215
30216	30216
30217	30217
30218	30218
30301	30301
30302	30302
30303	30303
30304	30304
30305	30305
30306	30306
30311	30311
30312	30312
30313	30313
30314	30314	
30321	30321	
30322	30322
30323	30323
30324	30324


[OBJECTS]
# type	x	y	ani_set_id	extra_settings per object type
# type: 0 = Gimmick , 1 = Brick, 2 = Goomba

# GIMMICK
0	753	112	20101

# BRICK

1	0	0	30106
1	0	16	30106
1	0 	32	30106
1	0	48	30106
1	0	64	30109
1	0	112	30111
1	65	160	30103
1	65	176	30106
1	49	176	30105
1	33	176	30105
1	17	176	30105
1	1	176	30105
1	113	176	30104
1	113	160	30104
1	113	144	30104
1	113	128	30214
1	161	160	30101
1	161	176	30101
1	161	176	30104
1	209	128	30102
1	225	128	30102
1	273	96	30102
1	289	96 	30102
1	241	64 	30103
1	225	64 	30102
1	209	64 	30101
1	433	160	30102
1	449	160	30102
1	465	160	30102
1	481	160	30102
1	433	96	30101
1	449	96	30102
1	465	96	30103
1	481	176	30106
1	465	176	30105
1	449	176	30105
1	433	176	30105
1	417	176	30105
1	401	176	30105
1	385	176	30105
1	369	176	30105
1	353	176	30105
1	337	176	30105
1	321	176	30105
1	305	176	30105
1	545	128	30102
1	609	160	30101
1	625	160	30102
1	641	160	30102
1	625	96	30101
1	641	96	30102
1	657	96	30103
1	721	128	30102
1	737	128	30102
1	609	176	30104
1	625	176	30105
1	641	176	30105
1	657	176	30105
1	673	176	30105
1	689	176	30105
1	737	80	30109 
1	721	80	30108
1	705	80	30108
1	689	80	30107
1	689	64	30104
1	689	48	30104
1	689	32	30104
1	673	16	30108
1	657	16	30108
1	641	16	30108
1	625	16	30108
1	609	16	30108
1	593	16	30108
1	577	16	30108
1	561	48	30109
1	545	48	30108
1	529	48	30107	
1	513	16	30108
1	497	16	30108
1	481	16	30108
1	465	16	30108
1	449	16	30108
1	433	16	30108
1	417	16	30108
1	401	16	30108
1	385	16	30108
1	369	16	30108
1	353	16	30108
1	337	16	30108
1	321	16	30108
1	305	16	30108
1	289	16	30108
1	273	16	30108
1	257	16	30108
1	241	16	30108
1	225	16	30108
1	209	16	30108
1	193	16	30108
1	177	16	30108
1	161	16	30108
1	145	16	30108
1	129	16	30105
1	129	32	30106
1	129	48	30106
1	129	64	30109
1	113	64	30107
1	113	16	30105
1	113	32	30104
1	113	48	30104
1	97	16	30108
1	81	16	30108
1	65	16	30108
1	49	16	30105
1	49	32	30106
1	49	48	30106
1	49	64	30109
1	34	64	30107
1	33	0	30104
1	33	16	30104
1	33	32	30104
1	33	48	30104

1	753	128	30324
1	769	128	30305
1	785	128	30306
1	801	128	30306
1	817	128	30306
1	833	128	30306
1	849	128	30305
1	865	128	30306
1	881	128	30306
1	897	128	30306
1	913	128	30306
1	929	128	30305
1	945	128	30306
1	961	128	30306
1	977	128	30306
1	993	128	30306
1	1009	128	30305
1	1025	128	30306
1	1041	128	30306
1	1057	128	30306
1	1073	128	30306
1	1089	128	30305
1	1105	128	30306
1	1121	128	30306
1	1137	128	30306
1	1153	128	30306
1	1169	128	30305
1	1185	128	30306
1	1201	128	30306
1	1217	128	30306
1	1233	128	30306
1	1249	128	30324
1	1265	128	30102
1	1281	128	30102
1	1297	128	30102
1	1297	144	30105
1	1313	160	30103
1	1441	160	30101
1	1457	160	30102
1	1473	160	30102
1	1489	160	30102
1	1505	160	30217
1	1505	144	30104
1	1505	128	30104
1	1505	112	30104
1	1505	96	30104
1	1505	80	30104
1	1505	64	30104
1	1505	48	30104
1	1505	32	30104
1	1505	16	30104
1	1505	0	30104
1	1473	128	30106
1	1473	112	30106
1	1473	96	30106
1	1473	80	30106
1	1473	64	30106
1	1473	48	30106
1	1473	32	30106
1	1473	16	30106
1	1473	0	30106
1	1457	112	30104
1	1457	96	30104
1	1457	80	30104
1	1457	64	30104
1	1457	48	30104
1	1457	32	30104
1	1457	16	30104
1	1457	0	30105
1	1441	0	30108
1	1425	0	30108
1	1409	0	30108
1	1393	0	30108
1	1377	0	30108
1	1361	0	30108
1	1345	0	30108
1	1329	0	30108
1	1313	0	30108
1	1297	16	30106
1	1297	32	30106
1	1297	48	30106
1	1297	64	30106
1	1297	80	30109
1	1281	80	30108
1	1265	80	30107

# --- SCENE PORTAL ----
# type	l	t	ani_set_id	r	b	scene_id
#50	300	98	0	316	150	2