# id	file_path	transparent_color_r	g	b
[TEXTURES]
0	Map\Gimmick!(J)-Level1_bank.png	255	0	0
10	textures\gimmick_right.png	0	0	255
20	textures\gimmick_left.png	0	0	255
30	textures\stage1.png	215	121	214
40	intro\intro1.png	200	205	250
50	intro\intro2.png	200	205	250
60	intro\intro3.png	200	205	250

#[MAP]
# PosX	PosY	TotalRowsOfMap	TotalColumnsOfMap	TotalRowsOfTileSet		TotalColumnsOfTileSet	TileSetID	MapMatrixPath


# id	left	top	right	bottom	texture_id
[SPRITES]
# GIMMICK
# idle right					
20101	2	2	18	21	10
20102	22	2	38	21	10
# idle left					
20151	399	2	415	21	20
20152	379	2	395	21	20
# walk right					
20201	2	24	18	43	10
20202	21	24	37	43	10
20203	39	24	55	43	10
20204	58	24	74	43	10
20205	79	24	95	43	10
20206	99	24	115	43	10
# walk left					
20251	399	24	415	43	20
20252	380	24	396	43	20
20253	362	24	378	43	20
20254	343	24	359	43	20
20255	322	24	338	43	20
20256	302	24	318	43	20
# jump right					
20301	2	46	18	70	10
# jump left					
20351	399	46	415	70	20
# pipe right
# pipe left
# stun right
# stun left

#====INTRO SCENE
#INTRO1
00101	0	0	128	80	40
00201	0	80	128	160	40
00202	141	81	269	161	40
00301	0	160	128	240	40
00401	0	240	128	320	40
00501	0	320	128	400	40
#INTRO2
00601	0	0	128	80	50
00701	0	80	128	160	50
00801	0	160	128	240	50
00901	0	240	128	320	50
00902	128	240	256	320	50
00903	256	240	384	320	50
01001	0	320	128	400	50
01002	128	320	256	400	50
01003	256	320	384	400	50
01004	384	320	512	400	50
01005	512	320	640	400	50
01006	640	320	768	400	50
01007	768	320	896	400	50
01008	896	320	1024	400	50
01101	0	400	128	480	50	

01201	0	0	128	80	60
01301	0	80	128	160	60
01401	0	160	128	240	60
01501	0	240	128	320	60
01601	0	320	128	400	60
01701	0	400	128	480	60	
01801	0	480	128	560	60
01901	0	560	128	640	60
02001	0	640	128	720	60
02101	0	720	128	800	60
02102	128	720	256	800	60
02103	256	720	384	800	60
02104	384	720	512	800	60
02105	512	720	640	800	60
02106	640	720	768	800	60
02201	0	800	128	880	60	
02202	128	800	256	880	60
02203	256	800	384	880	60
02204	384	800	512	880	60
02205	512	800	640	880	60
02206	640	800	768	880	60
02207	768	800	896	880	60
02208	896	800	1024	880	60
	
# ani_id	sprite1_id	time1	sprite2_id	time2	...
[ANIMATIONS]

# ==== GIMMICK=========
# idle right					
20101	20101	1000	20102	100
# idle left					
20151	20151	1000	20152	100
# walk right					
20201	20201	100	20202	100	20203	100	20204	100	20205	100	20206	100
# walk left					
20251	20251	100	20252	100	20253	100	20254	100	20255	100	20256	100
# jump right					
20301	20301	100
# jump left					
20351	20351	100


# ==== INTRO ========
#MAIN INTRO
#
10001	00101	3000	00201	500	00202	3000	00301	3000	00401	2000	00501	2000	00601	3000	00701	2000	00801	1500	00901	1500	00903	100	00902	100	00903	100	01001	1500	01002	100	01003	100	01004	100	01005	100	01006	100	1007	1000	01008	300	01101	2000	01008	1500	01201	100	01301	100	01401	100	01501	100	01601	100	01701	100	01801	100	01901	100	02001	100	02101	100	02102	100	02103	100	02104	100	02105	100	02106	100	02201	100	02202	100	02203	100	02204	100	02206	100	02207	100	02208	4000

[OBJECTS]
# type	x	y	ani_set_id	extra_settings per object type
# type: 1 = Brick , 2 = Gimmick, 3 = CogwheelSmall, 4 = Cogwhell, 5 = Chain, 6 = BlueFire, 7 = InclinedBrick, 8 = Conveyor


