# id	file_path	transparent_color_r	g	b
[TEXTURES]
0	map\map2\scene2\scene2_bank.png	255	0	0
10	textures\gimmick_right.png	0	0	255
20	textures\gimmick_left.png	0	0	255
30	textures\stage1.png	215	121	214
40	map\map2\scene2\scene2.png	255	0	0
50	textures\Hazards_and_Interactables.png	203	102	185
60	textures\enemy_right.png	0	0	255
70	textures\enemy_left.png	0	0	255
80	textures\WaterWave.png	255	201	14
90	textures\EnemyBoom.png	57	189	255
[MAP]
# TileSetID	MapY	MapX	TileSizeY	TileSizeX	MapMatrixPath

0	12	32	3	11	map\map2\scene2\scene2_map.txt

[ZONES]
0	192	512	0	64	274

[SOUNDS]
Audio/01_Good-Morning.wav	SOUND_Intro
Audio/02_No-Limits.wav	SOUND_World_Map
Audio/03_Happy-Birthday.wav	SOUND_Scene_1
Audio/04_Just-Friends.wav	SOUND_Scene_High_1
Audio/05_Aporia.wav	SOUND_Boss_1
Audio/03_Good-Weather.wav	SOUND_Sence_2
Audio/17_Siesta.wav	SOUND_Sence_7
Audio/18_Good-Night.wav	SOUND_Ending_2
Audio/Sound Effect (1).wav	SOUND_Effect_1
Audio/Sound Effect (2).wav	SOUND_Effect_2
Audio/Sound Effect (3).wav	SOUND_Effect_3
Audio/Sound Effect (8).wav	SOUND_Effect_8
Audio/Sound Effect (14).wav	SOUND_Effect_14
Audio/Sound Effect (16).wav	SOUND_Effect_16
Audio/Sound Effect (19).wav	SOUND_Effect_19
Audio/Sound Effect (24).wav	SOUND_Effect_24
Audio/Sound Effect (25).wav	SOUND_Effect_25
Audio/Sound Effect (26).wav	SOUND_Effect_26
Audio/Sound Effect (35).wav	SOUND_Effect_35
Audio/Sound Effect (45).wav	SOUND_Effect_45
Audio/Sound Effect (73).wav	SOUND_Effect_73
Audio/Sound Effect (78).wav	SOUND_Effect_78
Audio/Sound Effect (80).wav	SOUND_Effect_80
Audio/Sound Effect (84).wav	SOUND_Effect_84

# id	left	top	right	bottom	texture_id
[SPRITES]

# GIMMICK
# idle right					
20101	2	2	18	21	10
20102	22	2	38	21	10
# idle left					
20151	399	2	415	21	20
20152	379	2	395	21	20
# walk right					
20201	2	24	18	43	10
20202	21	24	37	43	10
20203	39	24	55	43	10
20204	58	24	74	43	10
20205	79	24	95	43	10
20206	99	24	115	43	10
# walk left					
20251	399	24	415	43	20
20252	380	24	396	43	20
20253	362	24	378	43	20
20254	343	24	359	43	20
20255	322	24	338	43	20
20256	302	24	318	43	20
# jump right					
20301	2	46	18	70	10
# jump left					
20351	399	46	415	70	20
# stun right
20401	45	81	61	97	10
20402	65	76	87	97	10
20403	96	73	115	97	10
20404	123	72	140	97	10
20405	149	73	167	97	10
20406	171	77	190	97	10
20407	200	75	216	97	10
20408	221	74	237	97	10
20409	241	76	257	97	10
# stun left
20451	356	81	372	97	20
20452	330	76	352	97	20
20453	302	73	321	97	20
20454	277	72	294	97	20
20455	250	73	268	97	20
20456	227	77	246	97	20
20457	201	75	217	97	20
20458	180	74	196	97	20
20459	160	76	176	97	20

# die
20501	3	249	7	253	10
20502	10	245	22	257	10
20503	25	243	41	259	10
20504	44	243	60	259	10

#BRICK
30100	136	24	152	40	10


#MAGIC STAR
#SMALL
40100	8	141	16	149	10
40101	20	141	28	149	10

40102	228	134	254	161	10
40103	256	134	282	161	10

40104	171	134	197	161	10
40105	200	134	226	161	10

#BIG
40110	284	141	300	157	10
40111	302	141	318	157	10

#DIE
40120	326	145	336	155	10
40121	340	142	356	157	10
40122	359	142	375	157	10
40123	380	145	392	155	10
40124	397	146	405	154	10

#ENEMY BLACK
#RIGHT
#WALKING
50100	20	1	36	17	60
50101	2	1	18	17	60
50102	38	1	54	17	60

#FLY
50200	2	19	18	36	60
50201	20	19	36	36	60
50202	38	19	54	36	60
50203	56	19	72	36	60
50204	74	19	90	36	60

#WALKING FLY
50300	111	18	127	36	60
50301	129	18	145	36	60
50302	147	18	163	36	60

50303	177	18	193	36	60
50304	195	18	211	36	60
50305	213	18	229	36	60

50306	245	18	261	36	60
50307	263	18	279	36	60
50308	281	18	297	36	60

50309	310	18	326	36	60
50310	328	18	344	36	60
50311	346	18	362	36	60

50312	378	18	394	36	60
50313	396	18	412	36	60
50314	414	18	430	36	60

#LEFT
#WALKING
60100	660	1	676	17	70
60101	678	1	694	17	70
60102	642	1	658	17	70

#FLY
60200	678	19	694	36	70
60201	660	19	676	36	70
60202	642	19	658	36	70
60203	624	19	640	36	70
60204	606	19	622	36	70

#WALKING FLY
60300	569	18	585	36	70
60301	551	18	567	36	70
60302	533	18	549	36	70

60303	503	18	519	36	70
60304	485	18	501	36	70
60305	467	18	483	36	70

60306	435	18	451	36	70
60307	417	18	433	36	70
60308	399	18	415	36	70

60309	370	18	386	36	70
60310	352	18	368	36	70
60311	334	18	350	36	70

60312	302	18	318	36	70
60313	284	18	300	36	70
60314	266	18	282	36	70

# ENEMY BOOM
# walking rihgt
400001	0	0	16	32	90
400002	18	0	34	32	90
400003	36	0	52	32	90
# walking left
400011	54	0	70	32	90
400012	72	0	88	32	90
400013	90	0	106	32	90
# die right
400021	108	0	124	16	90
# die left
400031	126	0	142	16	90

# MINIBOOM
# walking
410001	108	16	124	32	90
410002	126	16	142	32	90
# die
410101	78	142	94	158	70
410102	61	142	77	158	70
410103	42	142	58	158	70
410104	23	142	39	158	70
410105	8	142	24	158	70
#IDLE ENEMY
420001	660	2	676	17	70

# ani_id	sprite1_id	time1	sprite2_id	time2	...
[ANIMATIONS]

# ==== GIMMICK=========
# idle right					
20101	20101	1000	20102	100
# idle left					
20151	20151	1000	20152	100
# walk right					
20201	20201	100	20202	100	20203	100	20204	100	20205	100	20206	100
# walk left					
20251	20251	100	20252	100	20253	100	20254	100	20255	100	20256	100
# jump right					
20301	20301	100
# jump left					
20351	20351	100
# stunned right
20401	20401	100	20402	100	20403	100	20404	100	20405	100	20406	100	20407	100	20408	100	20409	100
# stunned left
20451	20451	100	20452	100	20453	100	20454	100	20455	100	20456	100	20457	100	20458	100	20459	100
#die
20501	20501	200	20502	400	20503	600	20504	800

#BRICK
30100	30100	100

# MAGIC STAR
#SMALL
40100	40100	50	40101	50
40101	40104	100	40105	100	40102	100	40103	100

#BIG
40110	40110	50	40111	50

#DIE
40120	40120	50	40121	50	40122	50	40123	50	40124	50

#ENEMY BLACK
# WALKING RIGHT
50100	50100	100	50101	100	50102	100
# FLY
50200	50200	100	50201	100	50202	100	50203	100	50204	100
# WALKING FLY RIGHT
50300	50300	100	50301	100	50302	100	50303	100	50304	100	50305	100	50306	100	50307	50	50308	50	50309	50	50310	50	50311	50	50312	50	50313	50	50314	50

# WALKING LEFT
60100	60100	100	60101	100	60102	100
# FLY
60200	60200	100	60201	100	60202	100	60203	100	60204	100
# WALKING FLY LEFT
60300	60300	50	60301	50	60302	50	60303	50	60304	50	60305	50	60306	50	60307	50	60308	50	60309	50	60310	50	60311	50	60312	50	60313	50	60314	50

# FLY_SETTING
70100	50200	200	50201	400	50202	350	50203	300	50204	200

# FLY SETTING LEFT
70200	60200	200	60201	400	60202	350	60203	300	60204	200

#====== ENEMY BOOM ========
# walking left
400011	400011	100	400012	100	400013	100
# walking right
400001	400001	100	400002	100	400003	100
# die right
400021	400021	100
#die left
400031	400031	100

#====== MINIBOOM========
# walking
410001	410001	50	410002	50
410011	410101	50	410102	50	410103	50	410104	50	410105	50

#======IDLEENEMY====
420001	420001	100

# id	ani1	ani2	ani3
#
[ANIMATION_SETS]
# GIMMICK				
20101	20101	20151	20201	20251	20301	20351	20401	20451	20501

# BRICK
30100	30100

#MAGIC STAR
40100	40100	40101	40110	40120

#ENEMY BLACK : WAL_R	WAL_L	FLY_R	FLY_L	WAL_FLY_R	WAL_FLY_L

50100	50100	60100	50200	60200	50300	60300	70100	70200

# ENEMY BOOM
400001	400001	400011	400021	400031

# MINIBOOM
410001	410001	40120

#IDLEENEMY
420001	420001	420001

[OBJECTS]
# type: 0 = Gimmick , 1 = Brick, 2 = Goomba, 4= Platforms Moving, 5 = Slope

# BRICK : type	x	y	ani_set_id	width	height
1	0	176	30100	208	16
1	176	160	30100	32	32
1	224	192	30100	64	80
1	160	112	30100	192	32
1	304	160	30100	32	32
1	304	176	30100	208	16
1	0	32	30100	512	32

1	0	160	30100	16	128
1	496	160	30100	16	128
1	16	64	30100	96	32
1	128	96	30100	16	16
1	432	96	30100	64	64
1	416	80	30100	16	336
1	400	64	30100	16	32
1	384	48	30100	16	16

# EnemyBoom
40	256	64	400001	116	380
40	336	64	400001	116	380
40	448	128	400001	436	492
40	48	96	400001	24	110

#IDLEENEMY
42	128	115	420001

# GIMMICK
0	128	64	20101

