# id	file_path	transparent_color_r	g	b
[TEXTURES]
0	map\map2\scene1\scene1_bank.png	255	0	0
10	textures\gimmick_right.png	0	0	255
20	textures\gimmick_left.png	0	0	255
30	textures\stage1.png	215	121	214
40	map\map2\scene1\scene1.png	255	0	0
50	textures\Hazards_and_Interactables.png	203	102	185
80	textures\WaterWave.png	255	201	14

[MAP]
# TileSetID	MapY	MapX	TileSizeY	TileSizeX	MapMatrixPath

0	49	130	20	11	map\map2\scene1\scene1_map.txt

# id	left	top	right	bottom	texture_id
[SPRITES]

# GIMMICK
# idle right					
20101	2	2	18	21	10
20102	22	2	38	21	10
# idle left					
20151	399	2	415	21	20
20152	379	2	395	21	20
# walk right					
20201	2	24	18	43	10
20202	21	24	37	43	10
20203	39	24	55	43	10
20204	58	24	74	43	10
20205	79	24	95	43	10
20206	99	24	115	43	10
# walk left					
20251	399	24	415	43	20
20252	380	24	396	43	20
20253	362	24	378	43	20
20254	343	24	359	43	20
20255	322	24	338	43	20
20256	302	24	318	43	20
# jump right					
20301	2	46	18	70	10
# jump left					
20351	399	46	415	70	20
# pipe right
# pipe left
# stun right
# stun left

#WATER
300101	3	3	67	19	80
300102	3	24	67	40	80
300103	3	46	67	62	80
300104	3	66	67	82	80

#BRICK
30101	120	24	136	40	10

#BOAT
310101	210	65	258	81	50

#BOAT BOMB
320001	102	22	118	38	50
#explore
320101	29	90	45	108	80

#BOAT WINDOW
330001	912	672	944	688	40

# CANNON
# idle
340001	124	115	148	145	50
# move
340101	124	115	148	145	50
340102	155	115	179	145	50
340103	186	115	210	145	50
340104	217	115	241	145	50
						
# CANNONBULLET
350001	85	22	101	38	50

# ani_id	sprite1_id	time1	sprite2_id	time2	...
[ANIMATIONS]

# ==== GIMMICK=========
# idle right					
20101	20101	1000	20102	100
# idle left					
20151	20151	1000	20152	100
# walk right					
20201	20201	100	20202	100	20203	100	20204	100	20205	100	20206	100
# walk left					
20251	20251	100	20252	100	20253	100	20254	100	20255	100	20256	100
# jump right					
20301	20301	100
# jump left					
20351	20351	100

#BRICK
30101	30101	100

#WATER
300101	300101	100	300102	100	300103	100

#BOAT
310101	310101	100

#BOATBOMB
320001	320001	100
320101	320101	100

#BOATWINDOW
330001	330001	100

#CANNON
340001	340001	100
340101	340101	200	340102	200	340103	200	340104	200

#CANNONBULLET
350001	350001	100

#
# id	ani1	ani2	ani3
#
[ANIMATION_SETS]
# GIMMICK				
20101	20101	20151	20201	20251	20301	20351	20351

# BRICK
30101	30101

# WATER
300101	300101

#BOAT
310101	310101	

#BOATBOMB
320001	320001	320101

#BOATWINDOW
330001	330001

#CANNON
340001	340001	340101

#CANNONBULLET
350001	350001

[OBJECTS]
# type: 0 = Gimmick , 1 = Brick, 2 = Goomba, 4= Platforms Moving, 5 = Slope

# BRICK : type	x	y	ani_set_id	width	height
1	48	64	30101	96	48
1	176	64	30101	32	48
1	240	64	30101	32	48
1	304	64	30101	96	48
1	432	96	30101	32	80
1	496	64	30101	16	48
1	1760	48	30101	128	32

1	1584	208	30101	32	16
1	1632	160	30101	16	16
1	1648	112	30101	16	16
1	1664	64	30101	32	16

1	912	224	30101	656	16
1	1184	288	30101	224	48
1	1264	240	30101	64	16

1	896	256	30101	16	16
1	912	240	30101	16	16

1	688	288	30101	80	16
1	752	272	30101	144	16
1	672	240	30101	48	16
1	768	304	30101	64	32

1	16	272	30101	208	16
1	16	304	30101	64	32
1	80	288	30101	16	16
1	16	768	30101	16	464
1	32	768	30101	368	16
1	384	752	30101	16	160
1	320	592	30101	80	16
1	32	592	30101	240	32
1	256	560	30101	16	48
1	32	496	30101	80	16
1	64	464	30101	64	16
1	49	464	30101	15	144
1	128	432	30101	48	16
1	176	464	30101	176	16
1	256	448	30101	16	144
1	48	704	30101	16	16
1	96	688	30101	16	16
1	144	672	30101	16	16
1	192	656	30101	16	16
1	240	640	30101	16	16

1	864	464	30101	32	16
1	816	416	30101	32	16
1	864	352	30101	32	16

1	944	432	30101	304	16
1	1280	432	30101	304	16
1	1520	448	30101	96	16

1	1696	464	30101	48	16
1	1728	400	30101	32	16
1	1680	336	30101	32	16
1	1680	256	30101	368	16

#1	2058	768	30101	16	768


# WATER

30	16	16	300101
30	80	16	300101
30	144	16	300101
30	208	16	300101
30	272	16	300101
30	336	16	300101
30	400	16	300101
30	464	16	300101
30	528	16	300101
30	592	16	300101
30	656	16	300101
30	720	16	300101
30	784	16	300101
30	848	16	300101
30	912	16	300101
30	976	16	300101
30	1040	16	300101
30	1104	16	300101
30	1168	16	300101
30	1232	16	300101
30	1296	16	300101
30	1360	16	300101
30	1424	16	300101
30	1488	16	300101
30	1552	16	300101
30	1616	16	300101
30	1680	16	300101
30	1744	16	300101
30	1808	16	300101
30	1872	16	300101
30	1936	16	300101
30	2000	16	300101

#BOAT
31	512	32	310101	1714

#BOATBOMB
32	920	112	320001
32	1000	112	320001
32	1080	112	320001
32	1160	112	320001
32	1240	112	320001
32	1320	112	320001
32	1400	112	320001
32	1480	112	320001
32	1560	112	320001

#BOATWINDOW
33	912	112	330001
33	992	112	330001
33	1072	112	330001
33	1152	112	330001
33	1232	112	330001
33	1312	112	330001
33	1392	112	330001
33	1472	112	330001
33	1552	112	330001

#CANNON
34	732	319	340001

# GIMMICK
0	780	336	20101

# --- SCENE PORTAL ----
# type	l	t	ani_set_id	r	b	scene_id
#50	992	16	0	1008	0	2